procs -----------memory---------- ---swap-- -----io---- -system-- -------cpu-------
 r  b   swpd   free   buff  cache   si   so    bi    bo   in   cs us sy id wa st gu
 7  4      0 11866332 108480 3004048    0    0    51   807 8771   69 10 10 68 12  0  0
19  4      0 11864120 108480 3005312    0    0     0     0 26628 123332 44 49  0  6  0  0
17  4      0 11861096 108480 3006756    0    0     0     0 25613 119650 46 48  1  5  0  0
21  4      0 11858884 108480 3008256    0    0     0     0 25934 122127 44 50  2  4  0  0
16  4      0 11856028 108480 3009572    0    0     0     0 25628 122609 46 49  1  4  0  0
22  4      0 11853984 108480 3011268    0    0     0     0 25943 122710 45 48  1  6  0  0
15  4      0 11852332 108480 3012784    0    0     0     0 26176 127910 45 49  4  3  0  0
18  4      0 11849980 108480 3014044    0    0     0  1276 24960 121605 44 49  5  2  1  0
19  4      0 11847992 108480 3015512    0    0     0     0 23449 114366 43 47  5  1  4  0
20  4      0 11846676 108480 3017028    0    0     0     0 25449 121461 44 49  4  3  1  0
15  4      0 11843568 108480 3018324    0    0     0     0 27352 127561 43 50  3  3  1  0
13  4      0 11841916 108480 3019756    0    0     0     0 26072 121459 44 49  3  3  0  0
17  4      0 11839816 108480 3021156    0    0     0  2556 25680 120411 45 49  4  3  0  0
17  4      0 11826152 108480 3022748    0    0     0     0 25944 120835 45 48  4  3  0  0
 9  4      0 11824584 108480 3024076    0    0     0     0 25313 120109 43 48  3  4  2  0
12  4      0 11823352 108480 3025448    0    0     0     0 25951 125492 47 47  4  1  2  0
10  4      0 11838948 108480 2998188    0    0     0     0 22615 102567 51 42  3  2  2  0
15  4      0 11838024 108480 2999276    0    0     0     0 24765 116213 43 49  4  3  2  0
13  4      0 11837660 108480 3000520    0    0     0 31340 25659 118509 44 48  3  4  1  0
12  4      0 11837184 108480 3002116    0    0     0  3060 25859 125169 45 49  3  4  0  0
13  4      0 11836176 108480 3003584    0    0     0     0 25578 126121 44 49  3  4  0  0
procs -----------memory---------- ---swap-- -----io---- -system-- -------cpu-------
 r  b   swpd   free   buff  cache   si   so    bi    bo   in   cs us sy id wa st gu
18  4      0 11834972 108480 3005116    0    0     0     0 24525 122566 44 49  2  5  0  0
13  4      0 11832984 108480 3006528    0    0     0     0 24838 120778 45 48  0  6  2  0
14  4      0 11831220 108480 3007828    0    0     0    24 24182 119981 46 47  1  5  1  0
18  4      0 11829288 108480 3009316    0    0     0     0 25891 125748 45 48  2  5  0  0
11  4      0 11824556 108488 3010720    0    0     0   148 25114 119581 45 48  2  4  2  0
10  4      0 11807896 108488 3012136    0    0     0     0 24643 122681 46 48  3  3  0  0
17  4      0 11805292 108488 3013736    0    0     0     0 26029 123207 45 49  3  3  1  0
22  4      0 11805040 108488 3015096    0    0     0   160 28058 128722 44 49  3  4  0  0
20  4      0 11803640 108488 3016720    0    0     0     0 25666 123763 47 47  3  3  0  0
16  4      0 11802828 108488 3018004    0    0     0     0 24585 122011 46 48  2  4  0  0
 9  4      0 11801904 108488 3019620    0    0     0     0 24642 122947 46 48  3  3  0  0
15  4      0 11801176 108488 3021000    0    0     0     0 23788 119559 47 48  3  3  0  0
20  4      0 11800504 108488 3022560    0    0     0     0 25652 124667 46 48  4  2  0  0
17  4      0 11800584 108488 3024156    0    0     0     4 25810 126187 46 48  3  3  0  0
14  4      0 11800584 108488 3025444    0    0     0     0 25366 125509 45 49  3  3  0  0
14  4      0 11831360 108488 2996260    0    0     0     0 22430 108609 53 43  3  2  0  0
16  4      0 11833268 108488 2997376    0    0     0     0 25007 122941 47 47  3  3  0  0
21  4      0 11831756 108488 2998892    0    0     0  1172 25635 121471 45 49  3  2  0  0
17  4      0 11831252 108488 3000476    0    0     0     0 24224 122120 46 48  3  3  0  0
16  4      0 11829236 108488 3002132    0    0     0     0 24287 123866 45 50  3  2  0  0
18  4      0 11826632 108488 3003552    0    0     0     0 26234 125938 46 48  4  2  0  0
procs -----------memory---------- ---swap-- -----io---- -system-- -------cpu-------
 r  b   swpd   free   buff  cache   si   so    bi    bo   in   cs us sy id wa st gu
15  4      0 11821592 108488 3004840    0    0     0     0 24762 125045 46 49  4  1  0  0
11  4      0 11812372 108496 3006324    0    0     0   644 23269 111202 45 49  4  2  0  0
16  4      0 11812032 108496 3007780    0    0     0  2752 27073 123160 44 48  5  2  0  0
15  4      0 11810952 108496 3009220    0    0     0     0 26064 121180 47 47  5  1  0  0
19  4      0 11809804 108496 3010688    0    0     0     0 26574 125644 46 49  3  2  1  0
16  4      0 11809104 108496 3011916    0    0     0     0 26298 125676 47 48  3  2  0  0
16  4      0 11807032 108496 3013588    0    0     0 28860 24963 123149 44 50  4  2  1  0
22  4      0 11802832 108496 3014928    0    0     0     0 25880 128800 47 48  3  2  0  0
20  4      0 11777240 108496 3016736    0    0     0  2412 25010 121847 46 47  5  2  0  0
13  4      0 11750164 108496 3017916    0    0     0     0 25537 121639 45 49  4  2  0  0
17  4      0 11743948 108496 3019428    0    0     0     0 25372 121377 46 48  2  3  1  0
14  4      0 11742156 108496 3020852    0    0     0     8 25150 122003 45 48  3  4  1  0
19  4      0 11740280 108496 3022432    0    0     0     0 26282 125913 46 49  2  4  0  0
22  4      0 11740768 108496 3024028    0    0     0     0 26215 124573 43 51  3  2  1  0
15  4      0 11771788 108496 2995668    0    0     0     0 24180 114819 52 44  1  3  0  0
11  4      0 11782556 108496 2996896    0    0     0     0 26393 125260 47 48  2  3  0  0
20  4      0 11802972 108496 2998592    0    0     0     0 25471 123431 45 49  3  3  0  0
19  4      0 11812080 108496 2999992    0    0     0     8 26249 122597 45 49  2  5  0  0
14  4      0 11811880 108496 3001388    0    0     0     0 25984 123121 46 48  3  4  0  0
13  4      0 11811832 108496 3002812    0    0     0     0 25511 122794 45 49  2  3  1  0
17  4      0 11811832 108496 3004096    0    0     0     0 25549 122713 48 47  2  4  0  0
procs -----------memory---------- ---swap-- -----io---- -system-- -------cpu-------
 r  b   swpd   free   buff  cache   si   so    bi    bo   in   cs us sy id wa st gu
17  4      0 11811832 108496 3005688    0    0     0     0 26616 122088 45 47  0  7  1  0
13  4      0 11811832 108496 3007108    0    0     0     0 25999 123106 46 48  3  3  0  0
17  4      0 11811832 108496 3008516    0    0     0     8 25421 122881 46 49  2  3  0  0
19  4      0 11811832 108496 3009852    0    0     0     0 25522 123355 44 49  3  4  0  0
14  4      0 11811832 108496 3011256    0    0     0     0 26808 124297 45 49  2  4  0  0
13  4      0 11811832 108496 3012876    0    0     0     0 24689 119227 45 46  3  3  4  0
18  4      0 11811832 108496 3014100    0    0     0 29064 25878 125605 44 49  3  4  0  0
14  4      0 11811832 108496 3015772    0    0     0  2508 22831 116491 46 48  3  4  1  0
15  4      0 11811076 108496 3017284    0    0     0     0 25576 122917 45 49  2  4  0  0
18  4      0 11810432 108496 3018760    0    0     0     0 26282 124942 46 48  3  3  0  0
19  4      0 11808808 108500 3020160    0    0     0   132 24882 121112 45 48  3  4  1  0
12  4      0 11807156 108500 3021584    0    0     0  3396 25452 126217 45 50  2  3  0  0
19  3      0 11805952 108500 3022740    0    0     0     0 24955 120517 44 49  3  3  1  0
16  4      0 11824824 108500 2995068    0    0     0     0 22999 113239 52 43  1  4  1  0
14  4      0 11823608 108500 2996664    0    0     0     0 25726 122193 44 49  3  4  1  0
11  4      0 11822152 108500 2997880    0    0     0     0 24528 116691 44 48  2  4  2  0
 9  4      0 11820276 108500 2999648    0    0     0     0 23733 119538 45 48  3  4  0  0
13  4      0 11818120 108500 3000888    0    0     0     0 26042 125651 44 50  3  3  0  0
18  4      0 11816496 108500 3002316    0    0     0     0 25156 118709 44 49  3  3  2  0
15  4      0 11814648 108500 3003816    0    0     0     0 24379 114890 44 48  4  3  2  0
15  4      0 11811764 108500 3005316    0    0     0     0 26735 121957 45 49  5  2  0  0
procs -----------memory---------- ---swap-- -----io---- -system-- -------cpu-------
 r  b   swpd   free   buff  cache   si   so    bi    bo   in   cs us sy id wa st gu
16  4      0 11809608 108500 3006532    0    0     0     8 27454 128337 46 49  4  2  0  0
15  4      0 11806248 108500 3007928    0    0     0     0 25694 121913 45 49  4  1  1  0
14  4      0 11804008 108500 3009728    0    0     0     0 24172 116002 46 47  5  2  0  0
13  4      0 11801292 108500 3010880    0    0     0     0 25811 122587 45 49  4  2  0  0
15  4      0 11798464 108500 3012788    0    0     0     0 23571 121321 44 49  5  2  0  0
15  4      0 11794992 108500 3014304    0    0     0 28728 25955 126966 44 49  5  2  0  0
12  4      0 11792108 108500 3015828    0    0     0     4 25860 122971 46 47  5  2  0  0
16  4      0 11790652 108500 3017224    0    0     0  2364 26464 130358 44 49  4  3  0  0
17  4      0 11788076 108500 3018572    0    0     0     0 26537 127326 43 50  3  4  0  0
 8  4      0 11784996 108500 3020080    0    0     0     0 27187 126383 45 49  4  2  0  0
16  4      0 11782896 108500 3021616    0    0     0    16 25929 122824 45 49  5  2  0  0
15  4      0 11780152 108500 3023092    0    0     0     0 26242 123791 45 49  5  2  0  0
18  4      0 11792920 108500 2995492    0    0     0     8 22647 105134 51 44  4  2  0  0
18  4      0 11794728 108500 2996988    0    0     0     0 25395 123173 46 48  4  2  0  0
14  4      0 11793524 108500 2998260    0    0     0     0 26322 121681 45 49  3  3  0  0
16  4      0 11780448 108500 2999696    0    0     0     0 26106 125706 46 48  3  3  0  0
 4  4      0 11742580 108500 3001244    0    0     0     0 24568 117559 45 47  4  4  1  0
